name: J1713+0747
p0: 0.5
dm: 500
raj: 4.510914803
decj: 0.13602659 
width: 0.01
flux: 1
useAngle: 0
